-10 0.544021
-9.6 0.174327
-9.2 -0.22289
-8.8 -0.584917
-8.4 -0.854599
-8 -0.989358
-7.6 -0.96792
-7.2 -0.793668
-6.8 -0.494113
-6.4 -0.116549
-6 0.279415
-5.6 0.631267
-5.2 0.883455
-4.8 0.996165
-4.4 0.951602
-4 0.756802
-3.6 0.44252
-3.2 0.0583741
-2.8 -0.334988
-2.4 -0.675463
-2 -0.909297
-1.6 -0.999574
-1.2 -0.932039
-0.8 -0.717356
-0.4 -0.389418
4.32987e-15 4.32987e-15
0.4 0.389418
0.8 0.717356
1.2 0.932039
1.6 0.999574
2 0.909297
2.4 0.675463
2.8 0.334988
3.2 -0.0583741
3.6 -0.44252
4 -0.756802
4.4 -0.951602
4.8 -0.996165
5.2 -0.883455
5.6 -0.631267
6 -0.279415
6.4 0.116549
6.8 0.494113
7.2 0.793668
7.6 0.96792
8 0.989358
8.4 0.854599
8.8 0.584917
9.2 0.22289
9.6 -0.174327
10 -0.544021
